PALMRobo Elements
Version:	V 4.5.0.9
Date, Time :	24.04.2018	12:29:07

MICROMETER
Elements :

Type	Color	Thickness	No	CutShot	Area	Comment	Coordinates

Rectangle	green	2	0	1,1
.	93655.3,15201.2	93715.3,15261.2
Rectangle	green	2	1	1,1
.	94189.5,15328.2	94249.5,15388.2
Rectangle	green	2	2	1,1
.	94278.7,15591.7	94338.7,15651.7
Rectangle	green	2	3	1,1
.	94197.7,16356.0	94257.7,16416.0
Rectangle	green	2	4	1,1
.	94230.8,17095.6	94290.8,17155.6
Rectangle	green	2	5	1,1
.	94324.7,19609.7	94384.7,19669.7
Rectangle	green	2	6	1,1
.	94108.5,22170.8	94168.5,22230.8
Rectangle	green	2	7	1,1
.	94279.6,23641.2	94339.6,23701.2
Rectangle	green	2	8	1,1
.	94206.6,24815.5	94266.6,24875.5
Rectangle	green	2	9	1,1
.	93836.2,25792.2	93896.2,25852.2
Rectangle	green	2	10	1,1
.	94149.1,27387.9	94209.1,27447.9
Rectangle	green	2	11	1,1
.	94136.2,30252.0	94196.2,30312.0
Rectangle	green	2	12	1,1
.	94041.9,32526.7	94101.9,32586.7
Rectangle	green	2	13	1,1
.	94159.9,48983.2	94219.9,49043.2
Rectangle	green	2	14	1,1
.	94416.3,49690.8	94476.3,49750.8
Rectangle	green	2	15	1,1
.	94790.1,31409.3	94850.1,31469.3
Rectangle	green	2	16	1,1
.	94633.7,29785.6	94693.7,29845.6
Rectangle	green	2	17	1,1
.	94716.8,27821.5	94776.8,27881.5
Rectangle	green	2	18	1,1
.	95028.3,26728.2	95088.3,26788.2
Rectangle	green	2	19	1,1
.	94530.1,25404.2	94590.1,25464.2
Rectangle	green	2	20	1,1
.	94632.5,24424.7	94692.5,24484.7
Rectangle	green	2	21	1,1
.	94596.9,22104.8	94656.9,22164.8
Rectangle	green	2	22	1,1
.	94744.4,20604.1	94804.4,20664.1
Rectangle	green	2	23	1,1
.	94969.2,20387.2	95029.2,20447.2
Rectangle	green	2	24	1,1
.	94922.0,15575.7	94982.0,15635.7
Rectangle	green	2	25	1,1
.	95398.0,16097.8	95458.0,16157.8
Rectangle	green	2	26	1,1
.	95574.3,19053.9	95634.3,19113.9
Rectangle	green	2	27	1,1
.	95248.9,21492.3	95308.9,21552.3
Rectangle	green	2	28	1,1
.	95575.8,23307.1	95635.8,23367.1
Rectangle	green	2	29	1,1
.	95661.1,25086.9	95721.1,25146.9
Rectangle	green	2	30	1,1
.	95140.0,27162.8	95200.0,27222.8
Rectangle	green	2	31	1,1
.	95683.3,27825.9	95743.3,27885.9
Rectangle	green	2	32	1,1
.	95638.8,28674.4	95698.8,28734.4
Rectangle	green	2	33	1,1
.	95480.2,32314.5	95540.2,32374.5
Rectangle	green	2	34	1,1
.	95436.3,33216.1	95496.3,33276.1
Rectangle	green	2	35	1,1
.	95367.8,33936.1	95427.8,33996.1
Rectangle	green	2	36	1,1
.	95091.5,37735.9	95151.5,37795.9
Rectangle	green	2	37	1,1
.	95914.5,48545.8	95974.5,48605.8
Rectangle	green	2	38	1,1
.	96139.3,34631.1	96199.3,34691.1
Rectangle	green	2	39	1,1
.	96330.1,32795.9	96390.1,32855.9
Rectangle	green	2	40	1,1
.	96151.2,32332.0	96211.2,32392.0
Rectangle	green	2	41	1,1
.	96203.2,30302.7	96263.2,30362.7
Rectangle	green	2	42	1,1
.	95955.9,28711.3	96015.9,28771.3
Rectangle	green	2	43	1,1
.	96197.1,27672.8	96257.1,27732.8
Rectangle	green	2	44	1,1
.	96257.1,26103.8	96317.1,26163.8
Rectangle	green	2	45	1,1
.	96286.0,25619.3	96346.0,25679.3
Rectangle	green	2	46	1,1
.	96003.6,24794.6	96063.6,24854.6
Rectangle	green	2	47	1,1
.	96011.5,25171.1	96071.5,25231.1
Rectangle	green	2	48	1,1
.	96123.2,22858.3	96183.2,22918.3
Rectangle	green	2	49	1,1
.	96362.8,22698.2	96422.8,22758.2
Rectangle	green	2	50	1,1
.	95998.4,17264.0	96058.4,17324.0
Rectangle	green	2	51	1,1
.	96327.2,14946.7	96387.2,15006.7
Rectangle	green	2	52	1,1
.	96674.0,15605.2	96734.0,15665.2
Rectangle	green	2	53	1,1
.	96678.6,15304.8	96738.6,15364.8
Rectangle	green	2	54	1,1
.	96754.0,16842.7	96814.0,16902.7
Rectangle	green	2	55	1,1
.	96586.6,18010.2	96646.6,18070.2
Rectangle	green	2	56	1,1
.	96467.3,18816.6	96527.3,18876.6
Rectangle	green	2	57	1,1
.	96909.3,18829.2	96969.3,18889.2
Rectangle	green	2	58	1,1
.	96985.3,19172.8	97045.3,19232.8
Rectangle	green	2	59	1,1
.	96510.0,21093.9	96570.0,21153.9
Rectangle	green	2	60	1,1
.	96586.9,22988.0	96646.9,23048.0
Rectangle	green	2	61	1,1
.	96878.1,23149.5	96938.1,23209.5
Rectangle	green	2	62	1,1
.	96880.2,22670.2	96940.2,22730.2
Rectangle	green	2	63	1,1
.	96650.9,26008.8	96710.9,26068.8
Rectangle	green	2	64	1,1
.	96424.5,30325.8	96484.5,30385.8
Rectangle	green	2	65	1,1
.	96589.1,30651.0	96649.1,30711.0
Rectangle	green	2	66	1,1
.	96483.0,34886.5	96543.0,34946.5
Rectangle	green	2	67	1,1
.	96782.3,49590.7	96842.3,49650.7
Rectangle	green	2	68	1,1
.	97630.3,38866.5	97690.3,38926.5
Rectangle	green	2	69	1,1
.	97692.0,28231.3	97752.0,28291.3
Rectangle	green	2	70	1,1
.	97606.2,24366.6	97666.2,24426.6
Rectangle	green	2	71	1,1
.	97636.5,20869.6	97696.5,20929.6
Rectangle	green	2	72	1,1
.	97014.7,18309.5	97074.7,18369.5
Rectangle	green	2	73	1,1
.	97016.6,17766.0	97076.6,17826.0
Rectangle	green	2	74	1,1
.	97181.4,15031.8	97241.4,15091.8
Rectangle	green	2	75	1,1
.	97766.8,15924.4	97826.8,15984.4
Rectangle	green	2	76	1,1
.	97765.0,21473.4	97825.0,21533.4
Rectangle	green	2	77	1,1
.	98019.2,22137.7	98079.2,22197.7
Rectangle	green	2	78	1,1
.	97739.7,23451.8	97799.7,23511.8
Rectangle	green	2	79	1,1
.	98070.4,39394.6	98130.4,39454.6
Rectangle	green	2	80	1,1
.	98380.4,44377.1	98440.4,44437.1
Rectangle	green	2	81	1,1
.	98248.2,48198.8	98308.2,48258.8
Rectangle	green	2	82	1,1
.	98592.0,25874.1	98652.0,25934.1
Rectangle	green	2	83	1,1
.	99364.8,16066.2	99424.8,16126.2
Rectangle	green	2	84	1,1
.	99232.4,18529.7	99292.4,18589.7
Rectangle	green	2	85	1,1
.	99195.3,19839.9	99255.3,19899.9
Rectangle	green	2	86	1,1
.	99693.6,27731.8	99753.6,27791.8