8413.39402810891 -3513.1129861089107 19.616831683168318 730.2168316831683 100
8315.03281631579 -3512.642701693364 321.7368421052632 731.6613272311213 100
7811.58400785678 -3412.7340740172676 1868.0980192991367 1038.534281361097 100
7907.820358814338 -3318.0158856295957 1572.5045955882354 1329.4646139705883 100
7513.929484722222 -3516.939693148148 734.3373015873016 718.4629629629629 101
7610.450477796892 -3414.3803118590454 437.869589345172 1033.4778024417315 101
6613.737815825864 -3716.6448205761844 1451.2880921895007 105.06145966709347 102
6510.232637436685 -3609.458351941673 1769.207981580967 434.2885648503454 102
6904.833472562384 -3308.089030614525 557.1772811918063 1359.95530726257 102
6905.688721815168 -3212.0097422668878 554.5503522585992 1655.0663075010361 102
6810.00632659249 -3110.8755084144645 848.442280945758 1965.7037552155773 102
6313.9981500108 -3714.62245836933 323.9319654427646 111.2732181425486 103
6009.993897327002 -3713.676830705563 1257.6919945725915 114.17774762550881 103
6015.923644716459 -3615.85115637621 1239.478561549101 414.65283540802216 103
5810.298142053494 -3515.6572378257115 1871.0647109577221 722.4020707506471 103
6112.832175641026 -3512.5873607152494 941.8205128205128 731.8313090418353 103
5916.880611699346 -3413.387224993464 1543.6928104575163 1036.5281045751633 103
6011.16497085 -3312.529091525 1254.095 1346.3175 103
6116.156277591818 -3211.8418303998137 931.6104137610414 1655.5820548582055 103
5716.635722224436 -3721.912430385126 110.765604249668 88.88180610889775 104
5115.048456907217 -3717.6867713745705 1958.5625920471282 101.86107020127639 104
5311.472981847826 -3715.650709782609 1355.2375776397516 108.11490683229813 104
5516.623837138264 -3716.6569786334403 725.1093247588425 105.02411575562701 104
5315.7434971875 -3616.8475872916665 1342.1205357142858 411.5922619047619 104
5208.741344075456 -3409.858838283582 1670.7815091210614 1047.365671641791 104
5104.623957454546 -3406.3381653863635 1990.581818181818 1058.1795454545454 104
5505.209522670941 -3307.618473301282 760.1688034188035 1361.400641025641 104
5114.248444780142 -3216.2715906241133 1961.0198581560285 1641.9758865248227 104
5709.75080735925 -3212.2831448659517 131.91286863270778 1654.2265415549598 104
5605.663882377415 -3117.6402179643387 451.61961367013373 1944.925705794948 104
4913.368961474531 -3707.5549798927614 530.0080428954424 132.98123324396784 105
4915.931421142491 -3508.5825528754813 522.1373555840821 744.1322207958922 105
4509.04141761606 -3413.2723969636136 1771.9146800501883 1036.8808030112923 105
5011.565686853933 -3107.725469466292 228.3932584269663 1975.379213483146 105
3913.955459975031 -3516.1576070786514 1551.7253433208489 720.8651685393259 106
3911.3858118503936 -3306.735455879265 1559.6181102362204 1364.1128608923884 106
3512.5980639517156 -3710.3970903939007 736.4917407878017 124.25158831003812 107
3411.7220855032683 -3517.0691409150327 1046.3359477124184 718.0653594771242 107
3313.2918357392473 -3510.924281733871 1348.6680107526881 736.9395161290323 107
3402.6906400293688 -3505.9349862555064 1074.0763582966226 752.2643171806168 107
3619.520437797834 -3413.204989987966 408.0758122743682 1037.0878459687124 107
3202.59222662439 -3306.2779688585365 1688.6858536585366 1365.5180487804878 107
3307.532102210708 -3212.5964385492225 1366.3592400690845 1653.2642487046633 107
2613.3960567720687 -3611.496712134387 1450.433465085639 428.02766798418975 108
2909.1704362208397 -3605.105712534992 541.9517884914463 447.6578538102644 108
3014.2914114954488 -3108.868400169051 219.06892067620285 1971.8686605981795 108
2101.1695638033298 -3510.8568216649323 975.7382934443289 737.146722164412 109
1914.6173981999998 -3317.222273511111 1548.74 1331.9022222222222 109
2011.4368517777775 -3217.8435766464645 1251.3555555555556 1637.1474747474747 109
